  0        0 5.0
  1   100000 5.0
  2   200000 2.0
  3   300000 11.0
  4   400000 21.0
  5   500000 22.0
  6   600000 17.0
  7   700000 24.0
  8   800000 21.0
  9   900000 18.0
 10  1000000 43.0
 11  1100000 24.0
 12  1200000 52.0
 13  1300000 22.0
 14  1400000 65.0
 15  1500000 41.0
 16  1600000 32.0
 17  1700000 45.0
 18  1800000 37.0
 19  1900000 41.0
 20  2000000 30.0
 21  2100000 39.0
 22  2200000 52.0
 23  2300000 34.0
 24  2400000 47.0
 25  2500000 62.0
 26  2600000 75.0
 27  2700000 46.0
 28  2800000 70.0
 29  2900000 49.0
 30  3000000 65.0
 31  3100000 65.0
 32  3200000 75.0
 33  3300000 78.0
 34  3400000 57.0
 35  3500000 33.0
 36  3600000 87.0
 37  3700000 35.0
 38  3800000 60.0
 39  3900000 84.0
 40  4000000 84.0
 41  4100000 52.0
 42  4200000 76.0
 43  4300000 33.0
 44  4400000 159.0
 45  4500000 101.0
 46  4600000 39.0
 47  4700000 71.0
 48  4800000 66.0
 49  4900000 107.0
 50  5000000 139.0
 51  5100000 115.0
 52  5200000 73.0
 53  5300000 121.0
 54  5400000 115.0
 55  5500000 93.0
 56  5600000 144.0
 57  5700000 90.0
 58  5800000 67.0
 59  5900000 127.0
 60  6000000 123.0
 61  6100000 92.0
 62  6200000 86.0
 63  6300000 80.0
 64  6400000 118.0
 65  6500000 70.0
 66  6600000 120.0
 67  6700000 111.0
 68  6800000 145.0
 69  6900000 109.0
 70  7000000 139.0
 71  7100000 154.0
 72  7200000 110.0
 73  7300000 247.0
 74  7400000 111.0
 75  7500000 99.0
 76  7600000 218.0
 77  7700000 249.0
 78  7800000 125.0
 79  7900000 112.0
 80  8000000 111.0
 81  8100000 153.0
 82  8200000 244.0
 83  8300000 127.0
 84  8400000 48.0
 85  8500000 287.0
 86  8600000 153.0
 87  8700000 85.0
 88  8800000 116.0
 89  8900000 163.0
 90  9000000 168.0
 91  9100000 197.0
 92  9200000 110.0
 93  9300000 234.0
 94  9400000 174.0
 95  9500000 136.0
 96  9600000 129.0
 97  9700000 300.0
 98  9800000 156.0
 99  9900000 233.0
100 10000000 119.0
101 10100000 249.0
102 10200000 328.0
103 10300000 77.0
104 10400000 119.0
105 10500000 198.0
106 10600000 219.0
107 10700000 245.0
108 10800000 264.0
109 10900000 271.0
110 11000000 320.0
111 11100000 180.0
112 11200000 287.0
113 11300000 229.0
114 11400000 218.0
115 11500000 215.0
116 11600000 297.0
117 11700000 121.0
118 11800000 253.0
119 11900000 312.0
120 12000000 214.0
121 12100000 336.0
122 12200000 159.0
