  0        0 4.3
  0        0 4.3
  1    10000 1.7
  2    20000 2.7
  3    30000 3.3
  4    40000 2.0
  5    50000 2.7
  6    60000 3.0
  7    70000 3.7
  8    80000 2.0
  9    90000 4.0
 10   100000 3.3
 11   110000 4.7
 12   120000 2.3
 13   130000 3.0
 14   140000 2.0
 15   150000 2.0
 16   160000 2.7
 17   170000 2.7
 18   180000 2.0
 19   190000 1.3
 20   200000 3.3
 21   210000 4.3
 22   220000 2.0
 23   230000 1.7
 24   240000 4.3
 25   250000 1.7
 26   260000 1.0
 27   270000 4.3
 28   280000 7.0
 29   290000 3.3
 30   300000 3.0
 31   310000 2.3
 32   320000 1.7
 33   330000 3.3
 34   340000 2.0
 35   350000 0.3
 36   360000 4.3
 37   370000 4.3
 38   380000 4.3
 39   390000 2.7
 40   400000 4.0
 41   410000 5.3
 42   420000 2.0
 43   430000 1.3
 44   440000 1.7
 45   450000 4.3
 46   460000 4.0
 47   470000 2.3
 48   480000 3.7
 49   490000 4.0
 50   500000 4.3
 51   510000 2.3
 52   520000 4.7
 53   530000 2.3
 54   540000 3.7
 55   550000 3.3
 56   560000 0.3
 57   570000 4.0
 58   580000 4.7
 59   590000 3.3
 60   600000 2.3
 61   610000 2.0
 62   620000 7.3
 63   630000 6.7
 64   640000 2.7
 65   650000 2.7
 66   660000 5.0
 67   670000 3.0
 68   680000 3.0
 69   690000 5.3
 70   700000 2.7
 71   710000 4.0
 72   720000 7.7
 73   730000 2.3
 74   740000 3.0
 75   750000 1.7
 76   760000 3.3
 77   770000 3.7
 78   780000 2.3
 79   790000 3.3
 80   800000 4.0
 81   810000 3.3
 82   820000 6.7
 83   830000 7.0
 84   840000 4.0
 85   850000 6.7
