  0        0 0.0
  1   100000 9.0
  2   200000 9.0
  3   300000 12.0
  4   400000 17.0
  5   500000 16.0
  6   600000 21.0
  7   700000 16.0
  8   800000 21.0
  9   900000 23.0
 10  1000000 22.0
 11  1100000 17.0
 12  1200000 26.0
 13  1300000 35.0
 14  1400000 28.0
 15  1500000 47.0
 16  1600000 71.0
 17  1700000 100.0
 18  1800000 81.0
 19  1900000 42.0
 20  2000000 46.0
 21  2100000 56.0
 22  2200000 56.0
 23  2300000 44.0
 24  2400000 38.0
 25  2500000 64.0
 26  2600000 96.0
 27  2700000 55.0
 28  2800000 65.0
 29  2900000 69.0
 30  3000000 106.0
 31  3100000 68.0
 32  3200000 22.0
 33  3300000 66.0
 34  3400000 92.0
 35  3500000 66.0
 36  3600000 68.0
 37  3700000 64.0
 38  3800000 55.0
 39  3900000 54.0
 40  4000000 113.0
 41  4100000 63.0
 42  4200000 144.0
 43  4300000 132.0
 44  4400000 146.0
 45  4500000 90.0
 46  4600000 96.0
 47  4700000 244.0
 48  4800000 102.0
 49  4900000 87.0
 50  5000000 167.0
 51  5100000 103.0
 52  5200000 332.0
 53  5300000 124.0
 54  5400000 84.0
 55  5500000 86.0
 56  5600000 80.0
 57  5700000 76.0
 58  5800000 107.0
 59  5900000 210.0
 60  6000000 123.0
 61  6100000 100.0
 62  6200000 99.0
 63  6300000 101.0
 64  6400000 81.0
 65  6500000 64.0
 66  6600000 123.0
 67  6700000 122.0
 68  6800000 129.0
 69  6900000 254.0
 70  7000000 151.0
 71  7100000 231.0
 72  7200000 247.0
 73  7300000 237.0
 74  7400000 272.0
 75  7500000 134.0
 76  7600000 119.0
 77  7700000 314.0
 78  7800000 306.0
 79  7900000 223.0
 80  8000000 259.0
 81  8100000 200.0
 82  8200000 353.0
 83  8300000 319.0
 84  8400000 156.0
 85  8500000 308.0
 86  8600000 373.0
 87  8700000 252.0
 88  8800000 406.0
 89  8900000 159.0
 90  9000000 171.0
 91  9100000 293.0
 92  9200000 246.0
 93  9300000 202.0
 94  9400000 112.0
 95  9500000 238.0
 96  9600000 188.0
 97  9700000 387.0
 98  9800000 283.0
 99  9900000 299.0
100 10000000 269.0
101 10100000 179.0
102 10200000 183.0
103 10300000 194.0
104 10400000 319.0
105 10500000 240.0
106 10600000 183.0
107 10700000 209.0
108 10800000 87.0
109 10900000 225.0
110 11000000 271.0
111 11100000 207.0
112 11200000 314.0
113 11300000 265.0
