  0        0 107.0
  1   100000 68.7
  2   200000 73.3
  3   300000 183.3
  4   400000 72.3
  5   500000 51.0
  6   600000 129.3
  7   700000 66.7
  8   800000 175.0
  9   900000 91.3
 10  1000000 58.0
 11  1100000 121.3
 12  1200000 63.3
 13  1300000 101.0
 14  1400000 51.0
 15  1500000 151.7
 16  1600000 125.7
 17  1700000 115.0
 18  1800000 88.3
 19  1900000 99.7
 20  2000000 114.0
 21  2100000 58.3
 22  2200000 32.0
 23  2300000 92.3
 24  2400000 61.0
 25  2500000 168.7
 26  2600000 176.0
 27  2700000 58.3
 28  2800000 155.7
 29  2900000 53.7
 30  3000000 61.0
 31  3100000 120.0
 32  3200000 132.3
 33  3300000 136.3
 34  3400000 103.0
 35  3500000 51.3
 36  3600000 74.7
 37  3700000 70.0
 38  3800000 81.0
 39  3900000 51.3
 40  4000000 145.3
 41  4100000 151.0
 42  4200000 48.0
 43  4300000 87.3
 44  4400000 118.3
 45  4500000 73.0
 46  4600000 96.7
 47  4700000 58.7
 48  4800000 105.7
 49  4900000 58.7
 50  5000000 168.3
 51  5100000 165.7
 52  5200000 146.3
 53  5300000 56.0
 54  5400000 59.0
 55  5500000 119.7
 56  5600000 43.0
 57  5700000 93.0
 58  5800000 71.7
 59  5900000 108.0
 60  6000000 55.0
 61  6100000 149.7
 62  6200000 178.0
 63  6300000 266.7
 64  6400000 94.0
 65  6500000 87.7
 66  6600000 82.7
 67  6700000 81.0
 68  6800000 93.0
 69  6900000 82.0
 70  7000000 77.7
 71  7100000 140.7
 72  7200000 95.7
 73  7300000 110.3
 74  7400000 183.0
 75  7500000 52.3
 76  7600000 151.0
 77  7700000 47.0
 78  7800000 132.0
 79  7900000 157.0
 80  8000000 114.7
 81  8100000 177.3
 82  8200000 90.7
 83  8300000 126.3
 84  8400000 87.7
 85  8500000 71.7
 86  8600000 78.0
 87  8700000 87.3
 88  8800000 93.7
 89  8900000 166.3
 90  9000000 70.7
 91  9100000 75.7
 92  9200000 98.7
 93  9300000 49.3
 94  9400000 75.0
 95  9500000 91.7
 96  9600000 133.0
 97  9700000 108.0
 98  9800000 101.3
 99  9900000 53.0
100 10000000 59.3
101 10100000 161.7
102 10200000 150.7
103 10300000 117.0
104 10400000 135.3
105 10500000 168.7
106 10600000 57.7
107 10700000 174.0
108 10800000 182.3
109 10900000 70.0
110 11000000 125.0
111 11100000 48.3
112 11200000 168.0
113 11300000 76.7
114 11400000 145.0
115 11500000 66.0
116 11600000 63.3
117 11700000 57.7
118 11800000 150.3
119 11900000 188.3
120 12000000 90.0
121 12100000 53.0
122 12200000 169.7
123 12300000 73.3
124 12400000 81.7
125 12500000 163.3
126 12600000 93.0
127 12700000 162.0
128 12800000 79.7
129 12900000 51.3
130 13000000 174.0
131 13100000 96.0
132 13200000 97.7
133 13300000 86.3
134 13400000 56.0
135 13500000 87.7
136 13600000 115.0
137 13700000 106.0
138 13800000 152.0
139 13900000 81.3
140 14000000 148.7
141 14100000 82.7
142 14200000 70.3
143 14300000 90.7
144 14400000 97.3
145 14500000 157.0
146 14600000 199.3
147 14700000 229.0
148 14800000 78.7
149 14900000 151.7
150 15000000 279.3
151 15100000 144.3
152 15200000 139.3
153 15300000 197.0
154 15400000 100.7
155 15500000 59.7
156 15600000 140.0
157 15700000 81.3
158 15800000 76.0
159 15900000 73.0
160 16000000 132.7
161 16100000 213.3
162 16200000 49.7
163 16300000 153.3
164 16400000 86.0
165 16500000 54.0
166 16600000 157.3
167 16700000 162.7
168 16800000 118.3
169 16900000 201.7
170 17000000 116.3
171 17100000 134.0
172 17200000 238.3
173 17300000 85.3
174 17400000 135.7
175 17500000 81.3
176 17600000 117.7
177 17700000 73.7
178 17800000 210.0
  0        0 140.7
  1   100000 43.3
  2   200000 213.7
  3   300000 196.3
  4   400000 120.3
  5   500000 119.0
  6   600000 57.7
  7   700000 98.0
  8   800000 25.3
  9   900000 126.0
 10  1000000 40.7
 11  1100000 88.3
 12  1200000 39.7
 13  1300000 158.7
 14  1400000 155.0
 15  1500000 147.0
 16  1600000 78.0
 17  1700000 165.3
 18  1800000 38.7
 19  1900000 155.3
 20  2000000 60.3
 21  2100000 148.0
 22  2200000 69.0
 23  2300000 202.3
 24  2400000 63.7
 25  2500000 46.7
 26  2600000 20.7
 27  2700000 88.0
 28  2800000 76.3
 29  2900000 100.0
 30  3000000 137.0
 31  3100000 72.0
 32  3200000 52.3
 33  3300000 131.0
 34  3400000 128.3
 35  3500000 192.7
 36  3600000 38.7
 37  3700000 136.3
 38  3800000 79.7
 39  3900000 82.7
 40  4000000 198.0
 41  4100000 45.0
 42  4200000 122.3
 43  4300000 33.3
 44  4400000 58.7
 45  4500000 123.3
 46  4600000 59.3
 47  4700000 50.3
 48  4800000 109.3
 49  4900000 128.0
 50  5000000 121.0
 51  5100000 111.0
 52  5200000 216.0
 53  5300000 58.7
 54  5400000 47.7
 55  5500000 65.7
 56  5600000 34.0
 57  5700000 61.7
 58  5800000 50.0
 59  5900000 58.0
 60  6000000 100.0
 61  6100000 145.3
 62  6200000 85.3
 63  6300000 66.3
 64  6400000 153.3
 65  6500000 68.3
 66  6600000 137.7
 67  6700000 70.3
 68  6800000 214.7
 69  6900000 51.7
 70  7000000 119.0
 71  7100000 54.3
 72  7200000 242.3
 73  7300000 86.3
 74  7400000 110.7
 75  7500000 231.7
 76  7600000 194.0
 77  7700000 210.0
 78  7800000 250.7
 79  7900000 75.0
 80  8000000 205.7
 81  8100000 79.0
 82  8200000 157.3
 83  8300000 313.0
 84  8400000 183.7
 85  8500000 68.0
 86  8600000 56.3
 87  8700000 70.0
 88  8800000 34.7
 89  8900000 53.7
 90  9000000 49.7
 91  9100000 61.3
 92  9200000 126.7
 93  9300000 59.3
 94  9400000 180.7
 95  9500000 74.3
 96  9600000 55.3
 97  9700000 126.7
 98  9800000 79.0
 99  9900000 141.7
100 10000000 145.7
101 10100000 129.0
102 10200000 206.7
103 10300000 64.7
104 10400000 81.7
105 10500000 112.3
106 10600000 250.0
107 10700000 176.7
108 10800000 93.0
109 10900000 158.3
110 11000000 166.0
111 11100000 261.7
112 11200000 207.7
113 11300000 157.7
114 11400000 226.3
115 11500000 59.7
116 11600000 106.7
117 11700000 146.7
118 11800000 118.0
119 11900000 131.3
120 12000000 175.0
121 12100000 70.0
122 12200000 198.3
123 12300000 137.0
124 12400000 202.3
125 12500000 260.3
126 12600000 134.3
127 12700000 134.0
128 12800000 127.3
129 12900000 196.0
130 13000000 60.7
131 13100000 123.0
132 13200000 66.7
133 13300000 73.0
134 13400000 188.3
135 13500000 151.3
136 13600000 132.3
137 13700000 192.0
138 13800000 51.0
139 13900000 145.7
140 14000000 289.3
141 14100000 237.3
142 14200000 69.7
143 14300000 65.0
144 14400000 90.0
145 14500000 235.3
146 14600000 67.3
147 14700000 47.0
148 14800000 73.0
149 14900000 118.3
150 15000000 110.0
151 15100000 203.0
152 15200000 160.7
153 15300000 154.0
154 15400000 137.7
155 15500000 106.3
156 15600000 108.7
157 15700000 37.3
158 15800000 111.3
159 15900000 108.7
160 16000000 48.3
161 16100000 120.0
162 16200000 245.0
163 16300000 110.0
164 16400000 316.7
165 16500000 40.3
166 16600000 156.3
167 16700000 138.3
168 16800000 185.3
169 16900000 72.3
170 17000000 127.0
171 17100000 110.7
172 17200000 147.7
173 17300000 159.3
174 17400000 163.7
175 17500000 239.7
176 17600000 275.3
177 17700000 227.7
178 17800000 108.0
179 17900000 54.7
180 18000000 112.0
181 18100000 182.0
182 18200000 59.3
183 18300000 130.3
184 18400000 149.7
185 18500000 40.3
186 18600000 65.7
187 18700000 57.3
188 18800000 173.7
189 18900000 139.0
190 19000000 132.7
191 19100000 305.3
192 19200000 39.0
193 19300000 201.0
194 19400000 118.3
195 19500000 83.0
196 19600000 111.7
197 19700000 216.3
198 19800000 47.7
199 19900000 44.7
200 20000000 155.7
201 20100000 135.7
202 20200000 127.7
203 20300000 174.0
204 20400000 123.0
205 20500000 117.7
206 20600000 112.0
207 20700000 176.7
208 20800000 190.7
209 20900000 125.3
210 21000000 207.3
211 21100000 226.0
212 21200000 101.3
213 21300000 121.7
214 21400000 159.3
215 21500000 126.0
216 21600000 205.7
217 21700000 134.0
218 21800000 80.7
219 21900000 236.3
220 22000000 58.7
221 22100000 319.7
222 22200000 110.7
223 22300000 132.0
224 22400000 45.0
225 22500000 268.0
226 22600000 113.7
227 22700000 119.0
228 22800000 115.7
229 22900000 196.7
230 23000000 49.3
231 23100000 267.7
232 23200000 157.7
233 23300000 105.3
234 23400000 95.7
235 23500000 115.0
236 23600000 80.0
237 23700000 49.3
238 23800000 141.7
239 23900000 248.0
240 24000000 193.3
241 24100000 267.3
242 24200000 67.3
243 24300000 65.7
244 24400000 304.7
245 24500000 130.3
246 24600000 115.3
247 24700000 60.0
248 24800000 232.3
249 24900000 157.7
250 25000000 251.0
251 25100000 233.7
252 25200000 46.0
253 25300000 153.3
254 25400000 107.3
255 25500000 33.7
256 25600000 210.0
257 25700000 158.3
258 25800000 126.0
259 25900000 138.0
260 26000000 145.3
261 26100000 46.0
262 26200000 265.7
263 26300000 199.0
264 26400000 145.3
265 26500000 65.0
266 26600000 288.7
267 26700000 49.7
268 26800000 143.0
269 26900000 73.0
270 27000000 235.0
271 27100000 182.3
272 27200000 148.3
273 27300000 134.7
274 27400000 154.3
275 27500000 76.7
276 27600000 78.7
277 27700000 206.3
278 27800000 76.3
279 27900000 142.3
280 28000000 123.7
281 28100000 139.0
282 28200000 177.3
283 28300000 97.7
284 28400000 230.3
285 28500000 178.0
286 28600000 246.0
287 28700000 99.3
288 28800000 49.7
289 28900000 68.0
290 29000000 310.3
291 29100000 77.7
292 29200000 324.7
293 29300000 160.7
294 29400000 107.7
295 29500000 150.7
296 29600000 72.3
297 29700000 271.0
298 29800000 132.0
299 29900000 46.7
300 30000000 251.3
301 30100000 44.7
302 30200000 41.7
303 30300000 154.0
304 30400000 103.3
305 30500000 113.3
306 30600000 61.7
307 30700000 97.3
308 30800000 83.0
309 30900000 308.7
310 31000000 328.3
311 31100000 80.0
312 31200000 196.3
313 31300000 147.0
314 31400000 40.3
315 31500000 29.0
316 31600000 343.0
317 31700000 159.3
318 31800000 169.3
319 31900000 158.0
320 32000000 137.0
321 32100000 301.3
