  0        0 4.3
  1    10000 1.7
  2    20000 4.3
  3    30000 2.3
  4    40000 1.7
  5    50000 2.3
  6    60000 3.3
  7    70000 3.0
  8    80000 1.3
  9    90000 4.0
 10   100000 2.3
 11   110000 2.3
 12   120000 2.7
 13   130000 3.7
 14   140000 2.0
 15   150000 1.3
 16   160000 3.7
 17   170000 2.0
 18   180000 2.3
 19   190000 4.0
 20   200000 2.0
 21   210000 2.3
 22   220000 2.0
 23   230000 1.0
 24   240000 3.0
 25   250000 1.7
 26   260000 2.0
 27   270000 7.3
 28   280000 4.0
 29   290000 1.3
 30   300000 2.0
 31   310000 6.0
 32   320000 5.3
 33   330000 2.7
 34   340000 3.3
 35   350000 2.7
 36   360000 5.0
 37   370000 2.7
 38   380000 2.7
 39   390000 1.3
 40   400000 2.7
 41   410000 3.3
 42   420000 5.7
 43   430000 2.0
 44   440000 1.3
 45   450000 2.3
 46   460000 3.0
 47   470000 1.7
 48   480000 1.7
 49   490000 7.0
 50   500000 4.0
 51   510000 3.0
 52   520000 2.3
 53   530000 2.0
 54   540000 0.7
 55   550000 6.7
 56   560000 2.7
 57   570000 2.7
 58   580000 5.7
 59   590000 4.3
 60   600000 3.0
 61   610000 2.0
 62   620000 1.7
 63   630000 3.0
 64   640000 6.0
 65   650000 1.7
 66   660000 4.0
 67   670000 1.7
 68   680000 2.3
 69   690000 2.7
 70   700000 3.0
 71   710000 3.0
 72   720000 3.0
 73   730000 5.0
 74   740000 6.7
 75   750000 3.7
 76   760000 4.3
 77   770000 2.0
 78   780000 4.3
 79   790000 2.3
 80   800000 0.7
 81   810000 1.3
 82   820000 7.3
 83   830000 3.7
 84   840000 3.3
 85   850000 4.7
 86   860000 4.7
 87   870000 3.0
 88   880000 5.0
 89   890000 3.0
 90   900000 2.7
 91   910000 3.0
 92   920000 2.0
 93   930000 3.7
 94   940000 3.0
 95   950000 4.3
 96   960000 2.7
 97   970000 4.7
 98   980000 3.7
 99   990000 2.3
100  1000000 4.0
101  1010000 3.0
102  1020000 5.7
103  1030000 5.0
104  1040000 4.0
105  1050000 5.3
106  1060000 3.0
107  1070000 7.7
108  1080000 5.7
109  1090000 4.7
110  1100000 3.7
111  1110000 2.7
112  1120000 4.0
113  1130000 2.3
114  1140000 3.0
115  1150000 4.3
116  1160000 3.7
117  1170000 6.3
118  1180000 5.0
119  1190000 2.7
120  1200000 4.0
121  1210000 3.3
122  1220000 4.0
123  1230000 2.7
124  1240000 2.0
125  1250000 1.7
126  1260000 3.3
127  1270000 5.3
128  1280000 4.7
129  1290000 2.7
130  1300000 5.0
131  1310000 5.7
132  1320000 5.0
133  1330000 4.0
134  1340000 4.3
135  1350000 8.0
136  1360000 4.3
137  1370000 4.0
138  1380000 2.3
139  1390000 2.3
140  1400000 5.3
141  1410000 5.3
142  1420000 5.3
143  1430000 6.0
144  1440000 5.0
145  1450000 2.0
146  1460000 3.3
147  1470000 3.7
148  1480000 4.0
149  1490000 5.0
150  1500000 5.0
151  1510000 4.7
152  1520000 4.0
153  1530000 5.0
154  1540000 5.3
155  1550000 4.3
156  1560000 5.7
157  1570000 8.3
158  1580000 6.0
159  1590000 2.7
160  1600000 2.3
161  1610000 5.0
162  1620000 4.3
163  1630000 3.7
164  1640000 4.0
165  1650000 6.3
166  1660000 3.3
167  1670000 4.0
168  1680000 5.0
169  1690000 4.7
170  1700000 3.0
171  1710000 3.0
172  1720000 9.3
173  1730000 5.0
174  1740000 3.0
175  1750000 5.7
176  1760000 8.3
177  1770000 7.0
178  1780000 2.7
179  1790000 4.0
180  1800000 4.3
181  1810000 3.0
182  1820000 9.0
183  1830000 2.7
184  1840000 3.0
185  1850000 6.0
186  1860000 2.0
187  1870000 7.0
188  1880000 4.3
189  1890000 4.3
190  1900000 2.7
191  1910000 2.7
192  1920000 7.7
193  1930000 3.3
194  1940000 2.7
195  1950000 4.0
196  1960000 5.0
197  1970000 3.3
198  1980000 2.7
199  1990000 4.0
200  2000000 4.0
201  2010000 4.0
202  2020000 3.0
203  2030000 4.3
204  2040000 3.7
205  2050000 3.7
206  2060000 3.7
207  2070000 4.3
208  2080000 5.3
209  2090000 6.7
210  2100000 2.3
211  2110000 3.3
212  2120000 8.3
213  2130000 6.7
214  2140000 4.7
215  2150000 4.0
216  2160000 3.7
217  2170000 3.7
218  2180000 7.0
219  2190000 3.7
220  2200000 4.7
221  2210000 4.7
222  2220000 3.3
223  2230000 2.7
224  2240000 2.0
225  2250000 5.0
226  2260000 2.3
227  2270000 4.0
228  2280000 4.0
229  2290000 5.0
230  2300000 3.0
231  2310000 4.7
232  2320000 4.0
233  2330000 4.3
234  2340000 4.0
235  2350000 2.3
236  2360000 3.7
237  2370000 2.3
238  2380000 5.3
239  2390000 5.0
240  2400000 7.7
241  2410000 6.3
242  2420000 4.0
243  2430000 4.3
244  2440000 3.7
245  2450000 5.7
246  2460000 5.0
247  2470000 7.0
248  2480000 6.7
249  2490000 5.3
250  2500000 5.3
251  2510000 5.7
252  2520000 4.7
253  2530000 4.3
254  2540000 5.0
255  2550000 1.7
256  2560000 3.3
257  2570000 5.0
258  2580000 3.0
259  2590000 2.3
260  2600000 9.7
261  2610000 6.0
262  2620000 4.3
263  2630000 5.0
264  2640000 3.3
265  2650000 4.0
266  2660000 5.3
267  2670000 2.0
268  2680000 3.0
269  2690000 4.3
270  2700000 5.0
271  2710000 3.3
272  2720000 2.7
273  2730000 5.7
274  2740000 5.0
275  2750000 4.3
276  2760000 7.0
277  2770000 4.0
278  2780000 4.3
279  2790000 4.7
280  2800000 3.7
281  2810000 4.7
282  2820000 6.3
283  2830000 4.3
284  2840000 6.0
285  2850000 4.3
286  2860000 4.0
287  2870000 1.3
288  2880000 5.3
289  2890000 4.0
290  2900000 4.0
291  2910000 6.0
292  2920000 4.3
293  2930000 3.0
294  2940000 2.7
295  2950000 3.3
296  2960000 5.0
297  2970000 3.3
298  2980000 4.3
299  2990000 5.3
300  3000000 5.7
301  3010000 2.7
302  3020000 6.7
303  3030000 4.3
304  3040000 2.7
305  3050000 1.7
306  3060000 7.7
307  3070000 4.7
308  3080000 4.7
309  3090000 3.3
310  3100000 4.7
311  3110000 7.3
312  3120000 5.7
313  3130000 5.7
314  3140000 5.0
315  3150000 4.0
316  3160000 5.3
317  3170000 4.3
318  3180000 2.0
319  3190000 3.0
320  3200000 5.3
321  3210000 4.7
322  3220000 6.7
323  3230000 6.0
324  3240000 3.7
325  3250000 4.3
326  3260000 3.7
327  3270000 7.3
328  3280000 4.3
329  3290000 3.3
330  3300000 4.7
331  3310000 3.3
332  3320000 3.7
333  3330000 4.3
334  3340000 4.7
335  3350000 6.0
336  3360000 2.3
337  3370000 2.0
338  3380000 4.7
339  3390000 4.7
340  3400000 3.3
341  3410000 5.7
342  3420000 3.7
343  3430000 6.0
344  3440000 4.3
345  3450000 2.0
346  3460000 5.0
347  3470000 3.7
348  3480000 5.0
349  3490000 6.7
350  3500000 3.7
351  3510000 3.0
352  3520000 3.7
353  3530000 4.7
