  0        0 2.0
  0        0 2.0
  1    10000 6.7
  2    20000 3.7
  3    30000 4.3
  4    40000 4.7
  5    50000 2.3
  6    60000 4.0
  7    70000 3.3
  8    80000 4.0
  9    90000 2.0
 10   100000 3.3
 11   110000 3.7
 12   120000 3.7
 13   130000 2.7
 14   140000 4.0
 15   150000 3.3
 16   160000 3.7
 17   170000 3.0
 18   180000 2.0
 19   190000 3.7
 20   200000 3.0
 21   210000 3.0
 22   220000 4.0
 23   230000 4.0
 24   240000 8.0
 25   250000 3.3
 26   260000 3.0
 27   270000 3.7
 28   280000 5.0
 29   290000 7.3
 30   300000 3.0
 31   310000 1.0
 32   320000 9.3
 33   330000 3.3
 34   340000 2.0
 35   350000 2.7
 36   360000 4.7
 37   370000 2.7
 38   380000 2.3
 39   390000 3.7
 40   400000 5.0
 41   410000 5.7
 42   420000 3.3
 43   430000 4.0
 44   440000 6.7
 45   450000 4.0
 46   460000 6.7
 47   470000 2.0
 48   480000 4.7
 49   490000 3.3
 50   500000 2.7
 51   510000 0.3
 52   520000 2.3
 53   530000 4.3
 54   540000 8.0
 55   550000 4.3
 56   560000 3.7
 57   570000 6.3
 58   580000 5.7
 59   590000 5.7
 60   600000 3.3
 61   610000 4.0
 62   620000 4.7
 63   630000 5.3
 64   640000 0.7
 65   650000 6.3
 66   660000 4.7
 67   670000 2.7
 68   680000 4.3
 69   690000 4.3
 70   700000 3.7
 71   710000 3.3
 72   720000 7.0
 73   730000 3.3
 74   740000 2.7
 75   750000 3.3
 76   760000 5.7
 77   770000 7.0
 78   780000 2.7
 79   790000 4.7
 80   800000 4.3
 81   810000 7.0
 82   820000 4.3
 83   830000 3.7
 84   840000 2.7
 85   850000 3.7
 86   860000 6.7
 87   870000 8.3
 88   880000 5.3
 89   890000 5.0
 90   900000 4.0
 91   910000 8.0
 92   920000 5.7
 93   930000 6.0
 94   940000 3.3
 95   950000 4.7
 96   960000 3.3
 97   970000 3.0
 98   980000 3.7
 99   990000 2.3
100  1000000 3.0
101  1010000 4.7
102  1020000 5.7
103  1030000 5.7
104  1040000 3.7
105  1050000 7.3
106  1060000 6.3
107  1070000 4.0
108  1080000 3.0
109  1090000 4.7
110  1100000 5.0
111  1110000 3.7
112  1120000 3.3
113  1130000 3.3
114  1140000 3.7
115  1150000 4.7
116  1160000 5.3
117  1170000 4.7
118  1180000 2.3
119  1190000 5.7
120  1200000 4.7
121  1210000 2.3
122  1220000 4.3
123  1230000 4.3
124  1240000 5.7
125  1250000 3.7
126  1260000 4.0
127  1270000 3.3
128  1280000 4.7
129  1290000 4.0
130  1300000 3.0
131  1310000 2.7
132  1320000 5.0
133  1330000 3.7
134  1340000 5.7
135  1350000 6.0
136  1360000 6.0
137  1370000 4.0
138  1380000 4.3
139  1390000 1.7
140  1400000 3.7
141  1410000 4.3
142  1420000 5.7
143  1430000 3.0
144  1440000 4.3
145  1450000 5.3
146  1460000 3.0
147  1470000 5.3
148  1480000 6.7
149  1490000 3.0
150  1500000 6.0
151  1510000 5.7
152  1520000 6.3
153  1530000 6.3
154  1540000 4.3
155  1550000 6.3
156  1560000 5.0
157  1570000 6.0
158  1580000 2.0
159  1590000 6.7
160  1600000 2.0
161  1610000 5.3
162  1620000 4.3
163  1630000 5.7
164  1640000 4.7
165  1650000 3.7
166  1660000 3.0
167  1670000 4.7
168  1680000 4.3
169  1690000 5.0
170  1700000 3.7
171  1710000 3.3
172  1720000 5.7
173  1730000 4.3
174  1740000 4.7
175  1750000 6.3
176  1760000 4.7
177  1770000 5.7
178  1780000 6.0
179  1790000 2.7
180  1800000 2.3
181  1810000 5.0
182  1820000 4.3
183  1830000 3.7
184  1840000 4.0
185  1850000 6.3
186  1860000 3.3
187  1870000 4.0
188  1880000 5.0
189  1890000 4.7
190  1900000 3.0
191  1910000 3.0
192  1920000 9.3
193  1930000 5.0
194  1940000 3.0
195  1950000 5.7
196  1960000 8.3
197  1970000 7.0
198  1980000 2.7
199  1990000 4.0
200  2000000 4.3
201  2010000 3.0
202  2020000 9.0
203  2030000 2.7
204  2040000 3.0
205  2050000 6.0
206  2060000 2.0
207  2070000 7.0
208  2080000 4.3
209  2090000 4.3
210  2100000 2.7
211  2110000 2.7
212  2120000 7.7
213  2130000 3.3
214  2140000 2.7
215  2150000 4.0
216  2160000 5.0
217  2170000 3.3
218  2180000 2.7
219  2190000 4.0
220  2200000 4.0
221  2210000 4.0
222  2220000 3.0
223  2230000 4.3
224  2240000 3.7
225  2250000 3.7
226  2260000 3.7
227  2270000 4.3
228  2280000 5.3
229  2290000 6.7
230  2300000 2.3
231  2310000 3.3
232  2320000 8.3
233  2330000 6.7
234  2340000 4.7
235  2350000 4.0
236  2360000 3.7
237  2370000 3.7
238  2380000 7.0
239  2390000 3.7
240  2400000 4.7
241  2410000 4.7
242  2420000 3.3
243  2430000 2.7
244  2440000 2.0
245  2450000 5.0
246  2460000 2.3
247  2470000 4.0
248  2480000 4.0
249  2490000 5.0
250  2500000 3.0
251  2510000 4.7
252  2520000 4.0
253  2530000 4.3
254  2540000 4.0
255  2550000 2.3
256  2560000 3.7
257  2570000 2.3
258  2580000 5.3
259  2590000 5.0
260  2600000 7.7
261  2610000 6.3
262  2620000 4.0
263  2630000 4.3
264  2640000 3.7
265  2650000 5.7
266  2660000 5.0
267  2670000 7.0
268  2680000 6.7
269  2690000 5.3
270  2700000 5.3
271  2710000 5.7
