  0        0 4.3
  1    10000 1.7
  2    20000 2.7
  3    30000 3.3
  4    40000 0.7
  5    50000 6.0
  0        0 4.3
  0        0 4.3
  1    10000 1.7
  2    20000 2.7
  3    30000 3.0
  0        0 4.3
  0        0 4.3
  1    10000 1.7
  2    20000 2.7
  0        0 4.3
  0        0 4.3
  1    10000 1.7
  2    20000 2.7
  0        0 4.3
  1    10000 1.7
  2    20000 2.7
  0        0 4.3
  1    10000 1.7
  2    20000 2.7
  3    30000 4.0
  4    40000 1.3
  5    50000 3.0
  0        0 4.3
  1    10000 1.7
  2    20000 2.7
  3    30000 3.7
  4    40000 1.7
  5    50000 2.3
  6    60000 3.0
  7    70000 3.0
  8    80000 2.3
  9    90000 3.0
 10   100000 2.3
 11   110000 3.3
 12   120000 4.3
 13   130000 4.0
 14   140000 1.3
 15   150000 3.3
 16   160000 5.0
 17   170000 4.7
 18   180000 5.7
 19   190000 5.7
 20   200000 5.3
 21   210000 3.7
 22   220000 3.0
 23   230000 9.7
 24   240000 5.0
 25   250000 8.7
 26   260000 5.0
 27   270000 7.7
 28   280000 5.0
 29   290000 11.7
 30   300000 7.0
 31   310000 6.7
 32   320000 9.3
 33   330000 6.7
 34   340000 6.3
 35   350000 8.7
 36   360000 6.3
 37   370000 4.7
 38   380000 11.7
 39   390000 10.3
 40   400000 6.3
 41   410000 8.7
 42   420000 5.0
 43   430000 5.7
 44   440000 6.7
 45   450000 10.7
 46   460000 12.3
 47   470000 6.0
 48   480000 8.3
 49   490000 5.0
 50   500000 13.3
 51   510000 8.0
 52   520000 4.7
 53   530000 6.0
 54   540000 9.0
 55   550000 7.0
 56   560000 7.0
 57   570000 5.7
 58   580000 8.3
 59   590000 9.0
 60   600000 9.7
 61   610000 9.0
 62   620000 15.7
 63   630000 13.0
 64   640000 13.0
 65   650000 9.3
 66   660000 19.7
 67   670000 9.3
 68   680000 17.0
 69   690000 17.3
 70   700000 9.7
 71   710000 17.7
 72   720000 7.7
 73   730000 12.7
 74   740000 21.0
 75   750000 13.3
 76   760000 17.7
 77   770000 12.7
 78   780000 19.0
 79   790000 17.0
 80   800000 22.3
 81   810000 17.0
 82   820000 15.3
 83   830000 23.3
 84   840000 17.3
 85   850000 19.7
 86   860000 19.7
 87   870000 23.7
 88   880000 14.7
 89   890000 21.7
 90   900000 28.7
 91   910000 21.0
 92   920000 24.7
 93   930000 19.0
 94   940000 25.3
 95   950000 31.7
 96   960000 24.3
 97   970000 25.7
 98   980000 27.7
 99   990000 23.7
100  1000000 27.7
101  1010000 29.7
102  1020000 22.7
103  1030000 25.3
104  1040000 18.0
105  1050000 22.3
106  1060000 28.0
107  1070000 33.3
108  1080000 26.7
109  1090000 37.0
110  1100000 30.3
111  1110000 36.3
112  1120000 27.7
113  1130000 25.3
114  1140000 32.7
115  1150000 22.7
116  1160000 39.3
117  1170000 23.7
118  1180000 28.7
119  1190000 29.3
120  1200000 33.3
121  1210000 32.7
122  1220000 35.3
123  1230000 27.0
124  1240000 21.7
125  1250000 23.0
126  1260000 37.0
127  1270000 24.3
128  1280000 31.0
129  1290000 40.0
130  1300000 31.3
131  1310000 29.7
132  1320000 24.3
133  1330000 27.0
134  1340000 27.0
135  1350000 29.3
136  1360000 28.0
137  1370000 34.3
138  1380000 39.3
139  1390000 27.0
140  1400000 36.3
141  1410000 20.3
142  1420000 24.7
143  1430000 29.3
144  1440000 45.3
145  1450000 25.0
146  1460000 33.0
147  1470000 26.3
148  1480000 34.0
149  1490000 33.7
150  1500000 35.0
151  1510000 35.7
152  1520000 34.7
153  1530000 27.0
154  1540000 29.0
155  1550000 30.0
156  1560000 35.7
157  1570000 28.0
158  1580000 32.3
159  1590000 37.0
160  1600000 27.0
161  1610000 29.7
162  1620000 21.7
163  1630000 30.7
164  1640000 32.0
165  1650000 32.7
166  1660000 26.7
167  1670000 32.3
168  1680000 34.0
169  1690000 27.7
170  1700000 29.3
171  1710000 24.0
172  1720000 29.3
173  1730000 36.3
174  1740000 27.7
175  1750000 25.3
176  1760000 37.0
177  1770000 32.0
178  1780000 23.3
179  1790000 23.3
180  1800000 31.3
181  1810000 29.3
182  1820000 21.0
183  1830000 29.3
184  1840000 27.3
185  1850000 26.7
186  1860000 27.0
187  1870000 41.0
188  1880000 33.7
189  1890000 22.0
190  1900000 30.3
191  1910000 31.3
192  1920000 37.7
193  1930000 30.7
194  1940000 37.7
195  1950000 32.7
196  1960000 40.0
197  1970000 27.7
198  1980000 32.0
199  1990000 38.3
200  2000000 20.7
201  2010000 27.3
202  2020000 28.3
203  2030000 36.3
204  2040000 34.3
205  2050000 41.7
206  2060000 43.0
207  2070000 37.0
208  2080000 43.7
209  2090000 33.3
210  2100000 34.7
211  2110000 35.7
212  2120000 27.3
213  2130000 29.0
214  2140000 38.3
215  2150000 38.3
216  2160000 40.0
217  2170000 30.0
218  2180000 32.3
219  2190000 32.0
220  2200000 30.3
221  2210000 29.3
222  2220000 33.7
223  2230000 23.7
224  2240000 29.0
225  2250000 38.0
226  2260000 32.0
227  2270000 32.7
228  2280000 27.3
229  2290000 39.7
230  2300000 36.0
231  2310000 29.7
232  2320000 36.3
233  2330000 39.0
234  2340000 33.7
235  2350000 41.0
236  2360000 23.3
237  2370000 39.0
238  2380000 40.7
239  2390000 21.0
240  2400000 32.0
241  2410000 36.7
242  2420000 43.3
243  2430000 26.3
244  2440000 27.3
245  2450000 35.7
246  2460000 41.3
247  2470000 40.3
248  2480000 39.7
249  2490000 24.3
250  2500000 31.0
251  2510000 38.3
252  2520000 29.3
253  2530000 32.7
254  2540000 28.3
255  2550000 39.0
256  2560000 32.0
257  2570000 28.7
258  2580000 38.3
259  2590000 32.0
260  2600000 30.3
261  2610000 36.0
262  2620000 39.3
263  2630000 33.7
264  2640000 46.3
265  2650000 32.3
266  2660000 37.7
267  2670000 38.0
268  2680000 42.7
269  2690000 32.3
270  2700000 30.3
271  2710000 29.0
272  2720000 21.3
273  2730000 18.7
274  2740000 27.3
275  2750000 32.7
276  2760000 30.0
277  2770000 30.0
278  2780000 24.3
279  2790000 38.7
280  2800000 26.0
281  2810000 42.7
282  2820000 43.3
283  2830000 43.0
284  2840000 24.3
285  2850000 44.0
286  2860000 46.3
287  2870000 20.0
288  2880000 37.3
289  2890000 42.7
290  2900000 52.0
291  2910000 32.7
292  2920000 37.7
293  2930000 31.3
294  2940000 39.3
295  2950000 34.0
296  2960000 46.0
297  2970000 53.0
298  2980000 28.3
299  2990000 39.3
300  3000000 42.3
301  3010000 37.3
302  3020000 42.0
303  3030000 53.3
304  3040000 25.7
305  3050000 48.3
306  3060000 40.3
307  3070000 35.3
308  3080000 33.0
309  3090000 53.3
310  3100000 41.0
311  3110000 39.0
312  3120000 49.0
313  3130000 45.0
314  3140000 54.3
315  3150000 42.7
316  3160000 42.7
317  3170000 41.3
318  3180000 44.7
319  3190000 34.3
  0        0 39.7
  1   100000 34.3
  2   200000 71.3
  3   300000 27.3
  4   400000 55.3
  5   500000 58.7
  6   600000 44.3
  7   700000 45.3
  8   800000 52.7
  9   900000 50.0
 10  1000000 50.3
 11  1100000 48.0
 12  1200000 57.0
 13  1300000 45.3
 14  1400000 61.3
 15  1500000 61.0
 16  1600000 44.0
 17  1700000 54.7
 18  1800000 54.0
 19  1900000 53.0
 20  2000000 58.7
 21  2100000 114.7
 22  2200000 72.7
 23  2300000 46.3
 24  2400000 52.3
 25  2500000 42.3
 26  2600000 63.3
 27  2700000 69.3
 28  2800000 53.3
 29  2900000 102.3
 30  3000000 43.7
 31  3100000 57.0
 32  3200000 57.0
 33  3300000 49.0
 34  3400000 63.7
 35  3500000 50.7
 36  3600000 50.7
 37  3700000 55.7
 38  3800000 65.0
 39  3900000 146.3
 40  4000000 55.7
 41  4100000 160.3
 42  4200000 42.3
 43  4300000 63.7
 44  4400000 181.0
 45  4500000 52.7
 46  4600000 67.7
 47  4700000 128.7
 48  4800000 59.0
 49  4900000 76.3
