  0        0 0.0
  0        0 0.0
  0        0 0.0
  1   100000 4.0
  2   200000 9.0
  3   300000 10.0
  4   400000 11.0
  5   500000 13.0
  6   600000 41.0
  7   700000 25.0
  8   800000 26.0
  9   900000 22.0
 10  1000000 31.0
 11  1100000 37.0
 12  1200000 29.0
 13  1300000 45.0
 14  1400000 30.0
 15  1500000 56.0
 16  1600000 64.0
 17  1700000 19.0
 18  1800000 68.0
 19  1900000 69.0
 20  2000000 57.0
 21  2100000 55.0
 22  2200000 52.0
 23  2300000 45.0
 24  2400000 60.0
 25  2500000 59.0
 26  2600000 52.0
 27  2700000 71.0
 28  2800000 79.0
 29  2900000 79.0
 30  3000000 48.0
 31  3100000 72.0
 32  3200000 70.0
 33  3300000 79.0
 34  3400000 43.0
 35  3500000 46.0
 36  3600000 39.0
 37  3700000 92.0
 38  3800000 104.0
 39  3900000 102.0
 40  4000000 102.0
 41  4100000 212.0
 42  4200000 84.0
 43  4300000 102.0
 44  4400000 69.0
 45  4500000 61.0
 46  4600000 86.0
 47  4700000 68.0
 48  4800000 97.0
 49  4900000 113.0
 50  5000000 103.0
 51  5100000 55.0
 52  5200000 318.0
 53  5300000 121.0
 54  5400000 95.0
 55  5500000 108.0
 56  5600000 254.0
 57  5700000 86.0
 58  5800000 82.0
 59  5900000 96.0
 60  6000000 278.0
 61  6100000 106.0
 62  6200000 73.0
 63  6300000 151.0
 64  6400000 130.0
 65  6500000 47.0
 66  6600000 244.0
 67  6700000 227.0
 68  6800000 232.0
 69  6900000 165.0
 70  7000000 188.0
 71  7100000 263.0
 72  7200000 113.0
 73  7300000 305.0
 74  7400000 263.0
 75  7500000 152.0
 76  7600000 288.0
 77  7700000 290.0
 78  7800000 267.0
 79  7900000 170.0
 80  8000000 209.0
 81  8100000 134.0
 82  8200000 195.0
 83  8300000 251.0
 84  8400000 271.0
 85  8500000 80.0
 86  8600000 273.0
 87  8700000 195.0
 88  8800000 347.0
 89  8900000 204.0
 90  9000000 162.0
 91  9100000 207.0
 92  9200000 187.0
 93  9300000 234.0
 94  9400000 261.0
 95  9500000 183.0
 96  9600000 38.0
 97  9700000 315.0
 98  9800000 181.0
 99  9900000 54.0
100 10000000 238.0
101 10100000 349.0
102 10200000 198.0
103 10300000 262.0
104 10400000 264.0
105 10500000 278.0
106 10600000 289.0
107 10700000 113.0
108 10800000 235.0
109 10900000 213.0
110 11000000 355.0
111 11100000 259.0
112 11200000 355.0
113 11300000 303.0
114 11400000 254.0
115 11500000 220.0
116 11600000 118.0
117 11700000 293.0
118 11800000 297.0
119 11900000 133.0
120 12000000 244.0
121 12100000 43.0
122 12200000 218.0
123 12300000 271.0
124 12400000 244.0
125 12500000 303.0
126 12600000 269.0
127 12700000 287.0
128 12800000 309.0
