  0        0 4.0
  0        0 4.0
  0        0 4.0
  1   100000 4.0
  2   200000 9.0
  3   300000 9.0
  4   400000 9.0
  5   500000 12.0
  6   600000 17.0
  7   700000 20.0
  8   800000 18.0
  9   900000 21.0
 10  1000000 26.0
 11  1100000 21.0
 12  1200000 38.0
 13  1300000 16.0
 14  1400000 41.0
 15  1500000 48.0
 16  1600000 68.0
 17  1700000 17.0
 18  1800000 66.0
 19  1900000 75.0
 20  2000000 38.0
 21  2100000 46.0
 22  2200000 94.0
 23  2300000 61.0
 24  2400000 65.0
 25  2500000 72.0
 26  2600000 75.0
 27  2700000 74.0
 28  2800000 62.0
 29  2900000 92.0
 30  3000000 110.0
 31  3100000 89.0
 32  3200000 72.0
 33  3300000 64.0
 34  3400000 52.0
 35  3500000 132.0
 36  3600000 120.0
 37  3700000 65.0
 38  3800000 136.0
 39  3900000 127.0
 40  4000000 138.0
 41  4100000 173.0
 42  4200000 103.0
 43  4300000 187.0
 44  4400000 212.0
 45  4500000 262.0
 46  4600000 232.0
 47  4700000 344.0
 48  4800000 186.0
 49  4900000 97.0
 50  5000000 183.0
 51  5100000 335.0
 52  5200000 270.0
 53  5300000 200.0
 54  5400000 267.0
 55  5500000 190.0
 56  5600000 330.0
  0        0 4.0
  1   100000 4.0
  2   200000 9.0
  3   300000 10.0
  4   400000 9.0
  5   500000 11.0
  6   600000 13.0
  7   700000 15.0
  8   800000 20.0
  9   900000 25.0
 10  1000000 28.0
 11  1100000 32.0
 12  1200000 54.0
 13  1300000 46.0
 14  1400000 25.0
 15  1500000 30.0
 16  1600000 43.0
 17  1700000 45.0
 18  1800000 36.0
 19  1900000 46.0
 20  2000000 52.0
 21  2100000 59.0
 22  2200000 37.0
 23  2300000 64.0
 24  2400000 51.0
 25  2500000 85.0
 26  2600000 79.0
 27  2700000 81.0
 28  2800000 125.0
 29  2900000 96.0
 30  3000000 31.0
 31  3100000 94.0
 32  3200000 73.0
 33  3300000 83.0
 34  3400000 274.0
 35  3500000 79.0
 36  3600000 276.0
 37  3700000 118.0
 38  3800000 190.0
 39  3900000 184.0
 40  4000000 150.0
 41  4100000 311.0
 42  4200000 118.0
 43  4300000 123.0
 44  4400000 182.0
 45  4500000 231.0
 46  4600000 255.0
 47  4700000 335.0
 48  4800000 189.0
 49  4900000 301.0
 50  5000000 35.0
 51  5100000 300.0
 52  5200000 268.0
 53  5300000 82.0
 54  5400000 164.0
 55  5500000 205.0
 56  5600000 204.0
 57  5700000 212.0
 58  5800000 221.0
 59  5900000 309.0
 60  6000000 155.0
 61  6100000 236.0
 62  6200000 20.0
 63  6300000 115.0
 64  6400000 362.0
 65  6500000 172.0
 66  6600000 319.0
 67  6700000 202.0
 68  6800000 229.0
 69  6900000 161.0
 70  7000000 156.0
 71  7100000 177.0
 72  7200000 287.0
 73  7300000 295.0
 74  7400000 229.0
 75  7500000 212.0
 76  7600000 176.0
 77  7700000 163.0
 78  7800000 236.0
 79  7900000 206.0
 80  8000000 188.0
 81  8100000 211.0
 82  8200000 190.0
 83  8300000 150.0
 84  8400000 168.0
 85  8500000 72.0
 86  8600000 171.0
 87  8700000 80.0
 88  8800000 244.0
 89  8900000 159.0
 90  9000000 279.0
 91  9100000 131.0
 92  9200000 152.0
 93  9300000 299.0
 94  9400000 210.0
 95  9500000 268.0
 96  9600000 133.0
 97  9700000 262.0
 98  9800000 305.0
 99  9900000 269.0
100 10000000 334.0
101 10100000 270.0
102 10200000 348.0
103 10300000 260.0
104 10400000 319.0
105 10500000 289.0
106 10600000 324.0
107 10700000 279.0
108 10800000 326.0
109 10900000 301.0
110 11000000 304.0
111 11100000 311.0
112 11200000 338.0
113 11300000 237.0
114 11400000 287.0
115 11500000 341.0
116 11600000 248.0
117 11700000 324.0
118 11800000 270.0
119 11900000 288.0
120 12000000 352.0
121 12100000 309.0
122 12200000 345.0
123 12300000 320.0
124 12400000 301.0
